     0/499      7.4G   0.07496    0.5429   0.02319     0.641        25       640   0.02971     0.287   0.02544  0.006201    0.1013   0.02678   0.02226
     1/499     7.39G   0.07021   0.01582   0.02279    0.1088        26       640    0.1581    0.5591    0.2318     0.107   0.08213   0.01201   0.02101
     2/499     7.39G   0.05383  0.009513    0.0203   0.08364        33       640    0.9566    0.4443    0.6084    0.4038    0.0655  0.008319   0.01663
     3/499     7.39G   0.04131  0.008119    0.0151   0.06453        33       640    0.9161    0.5416    0.6392    0.3822   0.05724  0.007676   0.01369
     4/499     7.39G   0.03918   0.00746  0.009278   0.05592        38       640    0.9642    0.6314    0.7196    0.4411   0.05632  0.007119   0.01081
     5/499     7.39G   0.03948   0.00728  0.005891   0.05265        15       640    0.7985    0.8762     0.867    0.5854   0.05125  0.007245  0.009429
     6/499     7.39G   0.03816  0.007275  0.004145   0.04958        24       640    0.9193    0.8825    0.9593    0.6483   0.05117  0.006935  0.008229
     7/499     7.39G   0.03835  0.007361  0.002923   0.04863        33       640    0.9139    0.9153    0.9316    0.5262   0.05641  0.006719  0.007213
     8/499     7.39G   0.03529  0.007343  0.002431   0.04506        46       640    0.9323    0.9542    0.9566    0.6365   0.05268  0.006374  0.007353
     9/499     7.39G   0.03243  0.006955  0.001882   0.04126        20       640    0.9689     0.958    0.9819    0.6789   0.04736  0.006283  0.006746
    10/499     7.39G   0.03023   0.00708  0.001526   0.03884        37       640    0.9562     0.972    0.9836    0.7053   0.04749  0.006124  0.006903
    11/499     7.39G   0.02764  0.007118  0.001637   0.03639        27       640    0.9481    0.9709     0.985    0.7327    0.0467   0.00581  0.006807
    12/499     7.39G   0.02618  0.006984  0.001357   0.03452        43       640    0.9426    0.9782    0.9846    0.7372   0.04439  0.005956  0.006364
    13/499     7.39G   0.02603  0.007036   0.00131   0.03438        19       640     0.968    0.9817    0.9894    0.7453   0.04505  0.005946  0.006468
    14/499     7.39G   0.02584  0.006912   0.00119   0.03394        20       640    0.9587    0.9912    0.9897    0.7631   0.04352  0.005668  0.006628
    15/499     7.39G   0.02459  0.006684  0.001057   0.03233        24       640    0.9556    0.9742    0.9832    0.7596   0.04305  0.005778  0.006409
    16/499     7.39G   0.02411   0.00666  0.001092   0.03186        32       640    0.9567    0.9907    0.9877    0.7695   0.04254  0.005771  0.006329
    17/499     7.39G   0.02421  0.006501  0.001075   0.03178        35       640    0.9662    0.9802    0.9893    0.7804   0.04234  0.005852  0.006383
    18/499     7.39G   0.02364  0.006781  0.001025   0.03144        39       640    0.9675    0.9702    0.9877    0.7467   0.04308  0.005801  0.006349
    19/499     7.39G   0.02355  0.006751 0.0009373   0.03124        34       640    0.9705    0.9837    0.9889    0.7749   0.04184  0.005794   0.00644
    20/499     7.39G   0.02309  0.006727 0.0009769   0.03079        18       640      0.98    0.9844    0.9894    0.7897   0.04195  0.005668  0.006445
    21/499     7.39G   0.02252  0.006646  0.001137    0.0303        30       640    0.9761    0.9901    0.9918    0.7972   0.04102  0.005858  0.006357
    22/499     7.39G    0.0224  0.006448 0.0009282   0.02978        27       640    0.9672    0.9919    0.9898    0.7964   0.04054  0.005525  0.006303
    23/499     7.39G   0.02243  0.006972  0.001158   0.03056        31       640    0.9761    0.9901    0.9915    0.7859   0.04092   0.00585  0.006395
    24/499     7.39G   0.02196  0.006541  0.001041   0.02954        27       640    0.9763    0.9922    0.9914    0.7926   0.04035  0.005555  0.006564
    25/499     7.39G   0.02153  0.006548  0.001052   0.02913        35       640    0.9817     0.978    0.9893    0.7995   0.04033  0.005805  0.006398
    26/499     7.39G   0.02176  0.006909  0.001009   0.02968        31       640    0.9672    0.9884    0.9911    0.7891   0.03938  0.005707  0.006304
    27/499     7.39G    0.0212  0.006224 0.0009974   0.02842         8       640    0.9836    0.9817    0.9918    0.8104   0.03847  0.005714  0.006286
    28/499     7.39G   0.02094  0.006493  0.001113   0.02854        26       640    0.9819    0.9847    0.9902    0.8129   0.03802  0.005733  0.006273
    29/499     7.39G   0.02077  0.006491 0.0009666   0.02823        44       640    0.9705    0.9917    0.9922    0.8044   0.03889  0.005681  0.006325
    30/499     7.39G   0.02056  0.006127  0.000873   0.02756        34       640    0.9789    0.9902    0.9928    0.8095   0.03858  0.005698   0.00651
    31/499     7.39G   0.02101   0.00637 0.0008791   0.02826        28       640    0.9712    0.9954    0.9932    0.8155   0.03901  0.005924  0.006497
    32/499     7.39G   0.02095  0.006421  0.000864   0.02824        36       640    0.9781     0.991    0.9922    0.7957   0.03876    0.0058  0.006638
    33/499     7.39G   0.02071  0.006297 0.0008571   0.02786        29       640    0.9704    0.9894    0.9904    0.8106   0.03863   0.00589  0.006591
    34/499     7.39G   0.02061  0.006531 0.0009298   0.02807        25       640    0.9782    0.9945    0.9926    0.8384   0.03702  0.005592  0.006541
    35/499     7.39G   0.02013  0.006183 0.0008065   0.02711         9       640     0.986    0.9886     0.993    0.8251   0.03753  0.005649  0.006449
    36/499     7.39G   0.01977  0.006168 0.0007805   0.02672        22       640    0.9772    0.9899    0.9924    0.8177   0.03744   0.00565  0.006588
    37/499     7.39G   0.01984  0.006232 0.0009127   0.02698        53       640    0.9789     0.991    0.9923     0.824   0.03714  0.005701  0.006635
    38/499     7.39G   0.02023  0.006326 0.0008089   0.02737        17       640    0.9771    0.9925    0.9921    0.8312   0.03749  0.005879    0.0066
    39/499     7.39G   0.01998  0.006296 0.0008765   0.02715        33       640    0.9816    0.9905    0.9929     0.826   0.03778  0.005847   0.00662
    40/499     7.39G   0.01985  0.006242 0.0008917   0.02698        24       640    0.9712    0.9927     0.992    0.8328   0.03673   0.00597  0.006648
    41/499     7.39G   0.01983  0.006231 0.0007864   0.02685        23       640    0.9821    0.9918    0.9935    0.8201   0.03639  0.005776   0.00646
    42/499     7.39G   0.01969   0.00631 0.0008498   0.02685        20       640    0.9816    0.9903     0.992    0.8249   0.03601  0.005729   0.00641
    43/499     7.39G   0.01949  0.006324 0.0009007   0.02671        44       640    0.9861    0.9867    0.9928    0.8364   0.03561  0.006131  0.006488
    44/499     7.39G   0.01884  0.006047 0.0005989   0.02548        35       640    0.9811    0.9941    0.9935    0.8351   0.03547   0.00589  0.006302
    45/499     7.39G    0.0192   0.00613  0.000652   0.02598        22       640    0.9794    0.9925    0.9914    0.8203    0.0361  0.005947  0.006356
    46/499     7.39G   0.01897  0.006108 0.0008963   0.02598        24       640    0.9784    0.9953    0.9937    0.8381   0.03523  0.006013  0.006305
    47/499     7.39G   0.01885  0.006168 0.0007823    0.0258        14       640    0.9867    0.9835    0.9939    0.8269   0.03548  0.005841  0.006312
    48/499     7.39G    0.0193  0.006223 0.0008977   0.02642        33       640    0.9827    0.9888    0.9926    0.8346   0.03539  0.005828  0.006122
    49/499     7.39G   0.01893  0.006409 0.0008435   0.02618        35       640    0.9811    0.9934    0.9934    0.8346   0.03537  0.005846   0.00622
    50/499     7.39G   0.01885  0.006221 0.0009641   0.02604        22       640    0.9879    0.9892    0.9941    0.8442   0.03472  0.005877  0.006169
    51/499     7.39G   0.01896  0.006036 0.0009162   0.02591        42       640    0.9771    0.9729    0.9933    0.8335   0.03462  0.006062  0.006173
    52/499     7.39G   0.01852  0.005848 0.0009001   0.02527        16       640    0.9826    0.9934    0.9938    0.8292   0.03605  0.005959  0.006287
    53/499     7.39G   0.01909   0.00613 0.0007088   0.02593        14       640    0.9861    0.9938    0.9941    0.8393   0.03524  0.005828  0.006025
    54/499     7.39G   0.01818  0.006086  0.000904   0.02517        29       640    0.9863    0.9906    0.9938    0.8393    0.0346  0.005998  0.006039
    55/499     7.39G   0.01847  0.006196 0.0008482   0.02552        42       640     0.987    0.9886    0.9939    0.8417   0.03453  0.005972    0.0059
    56/499     7.39G   0.01845  0.006204 0.0008988   0.02555        38       640     0.983    0.9909    0.9921    0.8396   0.03349  0.006074   0.00587
    57/499     7.39G   0.01831  0.005989 0.0007795   0.02508        41       640    0.9835    0.9903    0.9929    0.8323   0.03417  0.005782  0.005943
    58/499     7.39G   0.01879  0.006297 0.0007006   0.02578        29       640    0.9825      0.99    0.9931    0.8462   0.03432  0.005865  0.005911
    59/499     7.39G   0.01824  0.006057  0.000739   0.02504        19       640    0.9896    0.9864    0.9937     0.838   0.03371  0.005995  0.005953
    60/499     7.39G   0.01825  0.006108 0.0008244   0.02518        26       640    0.9867     0.991    0.9935    0.8481   0.03373  0.005899  0.005825
    61/499     7.39G   0.01811  0.005884 0.0006977   0.02469        26       640    0.9898    0.9882    0.9934    0.8564   0.03311  0.005924  0.005864
    62/499     7.39G    0.0177  0.006045 0.0007122   0.02446        20       640    0.9878    0.9913    0.9943     0.851   0.03254  0.005984  0.005892
    63/499     7.39G   0.01805  0.006001 0.0007581   0.02481        31       640    0.9863    0.9915    0.9942    0.8505   0.03304  0.006036  0.005948
    64/499     7.39G   0.01878   0.00621 0.0007799   0.02577        32       640    0.9873      0.99    0.9934    0.8332   0.03288  0.006015  0.005952
    65/499     7.39G   0.01759  0.006063 0.0005801   0.02423        29       640    0.9818     0.995    0.9944    0.8542   0.03224  0.005998  0.005777
    66/499     7.39G   0.01788  0.006267 0.0007396   0.02489        14       640    0.9851    0.9933    0.9948    0.8681   0.03078  0.006156  0.005914
    67/499     7.39G   0.01779  0.005709 0.0009282   0.02443        26       640    0.9856    0.9944    0.9929    0.8441   0.03025  0.006587  0.005818
    68/499     7.39G   0.01823  0.006309 0.0007841   0.02532        25       640      0.99    0.9887    0.9947    0.8515   0.02978  0.006483  0.005772
    69/499     7.39G   0.01796   0.00625 0.0008584   0.02507        33       640    0.9899    0.9879    0.9936     0.864   0.02852  0.006473  0.005614
    70/499     7.39G   0.01829  0.006362 0.0008467    0.0255        28       640    0.9874    0.9937    0.9948     0.862   0.02868  0.006566  0.005604
    71/499     7.39G   0.01792  0.006097 0.0009505   0.02497        10       640    0.9885    0.9902    0.9949    0.8493    0.0292  0.006523  0.005441
    72/499     7.39G    0.0179  0.006478  0.001075   0.02546        23       640     0.987    0.9925    0.9946    0.8668   0.02771  0.006264  0.005457
    73/499     7.39G   0.01789  0.006032 0.0008482   0.02477        27       640    0.9879    0.9913    0.9943    0.8644   0.02781  0.006341  0.005333
    74/499     7.39G   0.01773  0.006021 0.0008272   0.02457        19       640    0.9929    0.9883    0.9949    0.8664    0.0277  0.006335  0.005372
    75/499     7.39G   0.01749  0.006067 0.0008136   0.02437        19       640    0.9886    0.9886    0.9939    0.8695   0.02651  0.006301  0.005372
    76/499     7.39G   0.01771  0.006091 0.0008474   0.02465        24       640    0.9891    0.9907    0.9935    0.8638   0.02603  0.006272  0.005178
    77/499     7.39G   0.01735  0.006105 0.0007725   0.02423        39       640    0.9885    0.9953    0.9935    0.8694   0.02606  0.006333  0.005123
    78/499     7.39G   0.01768  0.006057 0.0008828   0.02462        35       640    0.9883    0.9945    0.9936    0.8757   0.02596  0.006133  0.005008
    79/499     7.39G   0.01736  0.005853 0.0007698   0.02398        18       640    0.9926    0.9865    0.9935     0.868   0.02546   0.00623   0.00499
    80/499     7.39G   0.01775  0.006236 0.0008198    0.0248        27       640     0.987    0.9949    0.9943    0.8731   0.02534   0.00616  0.004891
    81/499     7.39G   0.01746  0.006105 0.0008776   0.02444        39       640    0.9847    0.9955    0.9936     0.878   0.02425  0.006111  0.004893
    82/499     7.39G   0.01746  0.006215 0.0009037   0.02458        21       640    0.9864    0.9956    0.9946    0.8785   0.02355  0.006046  0.004711
    83/499     7.39G   0.01739  0.006085 0.0008136   0.02429        16       640     0.981    0.9927    0.9944     0.875   0.02328   0.00612  0.004493
    84/499     7.39G   0.01673  0.006038 0.0008189   0.02359        32       640    0.9845    0.9969    0.9945    0.8776   0.02259  0.005943   0.00435
    85/499     7.39G   0.01699   0.00579 0.0007574   0.02354        24       640    0.9816    0.9953     0.994    0.8772   0.02245  0.006418  0.004432
    86/499     7.39G   0.01687  0.005999 0.0007444   0.02362        39       640    0.9885     0.993     0.994    0.8807   0.02212  0.006272  0.004532
    87/499     7.39G   0.01677  0.005963 0.0007829   0.02351        30       640    0.9869     0.995    0.9943    0.8851    0.0215  0.006041  0.004325
    88/499     7.39G   0.01708  0.005952 0.0007806   0.02381        27       640    0.9911    0.9926    0.9947    0.8653   0.02253  0.006352  0.004279
    89/499     7.39G   0.01697  0.006001 0.0009429   0.02392        26       640    0.9888    0.9946    0.9948    0.8856    0.0204  0.006081  0.004155
    90/499     7.39G    0.0166  0.005744 0.0007502    0.0231        16       640     0.988    0.9955    0.9948    0.8757    0.0206  0.006285  0.004025
    91/499     7.39G   0.01665  0.006137 0.0008914   0.02368        37       640    0.9883    0.9962    0.9947    0.8869   0.02006  0.006444  0.003834
    92/499     7.39G   0.01646  0.005947 0.0009091   0.02332        23       640    0.9888     0.994     0.995    0.8809      0.02  0.006339  0.003779
    93/499     7.39G   0.01672  0.005971 0.0007558   0.02345        17       640    0.9862    0.9953    0.9946    0.8906   0.01905  0.006225  0.003631
    94/499     7.39G   0.01609  0.005976 0.0007316    0.0228        31       640    0.9911    0.9938    0.9945    0.8932   0.01877  0.006463  0.003591
    95/499     7.39G   0.01682  0.005857 0.0007601   0.02343        18       640     0.992    0.9957    0.9941    0.8745   0.01989  0.006319  0.003456
    96/499     7.39G   0.01647   0.00569   0.00069   0.02285        36       640    0.9893    0.9938    0.9944    0.8861   0.01916  0.006129  0.003333
    97/499     7.39G   0.01645  0.005916 0.0005927   0.02296        38       640    0.9881    0.9972    0.9949    0.8848   0.01924  0.006313  0.003398
    98/499     7.39G   0.01628  0.005859  0.000642   0.02278        38       640    0.9884    0.9972    0.9951    0.8883    0.0187  0.006398  0.003224
    99/499     7.39G   0.01649  0.006044 0.0007008   0.02323        34       640     0.993     0.993    0.9951    0.8915    0.0186  0.006335  0.003231
   100/499     7.39G   0.01588  0.005955 0.0006303   0.02247        23       640    0.9848    0.9942    0.9951    0.8897   0.01797  0.006272  0.002939
   101/499     7.39G   0.01623  0.005821 0.0007153   0.02276        34       640    0.9894    0.9962    0.9951    0.8861   0.01831  0.006113  0.002975
   102/499     7.39G   0.01636  0.005921 0.0006413   0.02292        31       640    0.9905     0.996     0.995    0.8846   0.01847    0.0062  0.003086
   103/499     7.39G   0.01608  0.005833 0.0006958   0.02261        19       640    0.9898    0.9958    0.9949    0.8913   0.01816  0.006285  0.002906
   104/499     7.39G    0.0163  0.005922 0.0006244   0.02285        26       640    0.9872    0.9923     0.995    0.8941   0.01751  0.005962  0.002824
   105/499     7.39G   0.01651  0.005687 0.0006235   0.02282        16       640    0.9878    0.9882    0.9944    0.8946   0.01815  0.006012  0.002839
   106/499     7.39G   0.01609  0.005738 0.0006047   0.02243        25       640    0.9937    0.9894    0.9952    0.8987    0.0173  0.005911   0.00268
   107/499     7.39G    0.0159  0.005845 0.0005175   0.02226        24       640    0.9923    0.9906     0.994    0.8995   0.01733  0.005946  0.002672
   108/499     7.39G    0.0161  0.005743 0.0004409   0.02228        33       640    0.9884    0.9957    0.9942    0.8875   0.01755  0.005995  0.002765
   109/499     7.39G   0.01593   0.00576 0.0006121    0.0223        23       640    0.9908    0.9958    0.9945    0.9038   0.01678  0.006153   0.00284
   110/499     7.39G   0.01596  0.005812 0.0006157   0.02239        35       640    0.9927    0.9944    0.9942    0.8953   0.01735  0.005976  0.002925
   111/499     7.39G   0.01544  0.005782 0.0005284   0.02175        18       640    0.9934    0.9965     0.994    0.8973   0.01726  0.005829  0.002746
   112/499     7.39G   0.01552  0.005519 0.0006724   0.02171        15       640    0.9929    0.9939    0.9949    0.8967   0.01659  0.006005  0.002587
   113/499     7.39G   0.01562  0.005796 0.0004669   0.02189        15       640    0.9913     0.994    0.9951     0.902   0.01689  0.005971  0.002549
   114/499     7.39G   0.01564  0.005624 0.0005207   0.02178        29       640    0.9918    0.9965    0.9947    0.8962   0.01672   0.00602  0.002582
   115/499     7.39G   0.01538  0.005513  0.000602   0.02149        29       640    0.9931     0.994     0.995    0.8953   0.01654  0.005961  0.002452
   116/499     7.39G   0.01535  0.005503 0.0005094   0.02137        36       640    0.9932    0.9957    0.9947    0.8969   0.01675  0.006225  0.002672
   117/499     7.39G   0.01558  0.005771 0.0005379   0.02189        23       640    0.9934    0.9962    0.9948    0.9027   0.01668  0.005946  0.002472
   118/499     7.39G   0.01511  0.005658 0.0004724   0.02124        19       640     0.992    0.9962    0.9938    0.9083   0.01614  0.005956  0.002597
   119/499     7.39G   0.01559  0.005556 0.0003952   0.02154        26       640    0.9916    0.9954    0.9936     0.904   0.01638  0.006083  0.002725
   120/499     7.39G   0.01555  0.005523 0.0004143   0.02149        23       640    0.9941    0.9956    0.9939    0.9025   0.01628  0.005929  0.002739
   121/499     7.39G   0.01552  0.005626 0.0005614   0.02171        17       640    0.9939    0.9962    0.9942    0.9016   0.01605  0.005923  0.002661
   122/499     7.39G   0.01524  0.005698 0.0005477   0.02149        16       640    0.9928    0.9964    0.9941    0.9032   0.01578  0.005949  0.002481
   123/499     7.39G   0.01511  0.005573 0.0004569   0.02114        31       640    0.9916    0.9958    0.9942    0.8974   0.01622  0.006109  0.002531
   124/499     7.39G    0.0151  0.005511 0.0005122   0.02113        32       640     0.993     0.995    0.9944    0.9063   0.01591  0.006054  0.002388
   125/499     7.39G   0.01513  0.005752 0.0005124    0.0214        26       640    0.9933    0.9962     0.995    0.9063    0.0159  0.005926  0.002445
   126/499     7.39G   0.01523  0.005518 0.0004735   0.02122        19       640    0.9952    0.9965    0.9949    0.9097   0.01596  0.005997  0.002564
   127/499     7.39G   0.01494  0.005361 0.0004123   0.02072        31       640     0.991    0.9969    0.9941    0.9104   0.01608  0.005845  0.002611
   128/499     7.39G   0.01506  0.005438 0.0004681   0.02097        22       640    0.9919    0.9957    0.9949    0.9058   0.01618  0.005999  0.002345
   129/499     7.39G   0.01487  0.005373 0.0004573    0.0207        24       640    0.9931     0.995    0.9951    0.9023   0.01637  0.006318  0.002415
   130/499     7.39G   0.01455  0.005497 0.0004958   0.02054        25       640    0.9934     0.996    0.9943    0.8988   0.01671  0.006133  0.002427
   131/499     7.39G   0.01484  0.005354 0.0004127   0.02061        23       640    0.9948    0.9966    0.9945    0.9123   0.01518  0.005995  0.002335
   132/499     7.39G   0.01454  0.005365 0.0004328   0.02034        17       640    0.9939    0.9963    0.9955    0.9099   0.01531  0.005945  0.002246
   133/499     7.39G   0.01475  0.005288 0.0004807   0.02052        32       640    0.9944    0.9949    0.9957    0.9168   0.01495  0.005924  0.002373
   134/499     7.39G   0.01464  0.005354 0.0003539   0.02035        30       640    0.9928    0.9967    0.9955    0.9081   0.01601  0.006063  0.002509
   135/499     7.39G   0.01491  0.005413 0.0004959   0.02082         6       640    0.9911    0.9973     0.995    0.9066   0.01598  0.005982  0.002489
   136/499     7.39G   0.01464  0.005651 0.0004134   0.02071        36       640    0.9948    0.9961    0.9957    0.9139    0.0155  0.006024  0.002244
   137/499     7.39G    0.0146  0.005379 0.0004267   0.02041        13       640    0.9942    0.9966    0.9957    0.9136   0.01515  0.005849  0.002395
   138/499     7.39G   0.01501  0.005315  0.000534   0.02086        33       640    0.9965    0.9928    0.9959    0.9087   0.01568  0.005959  0.002288
   139/499     7.39G   0.01521  0.005553 0.0004546   0.02122        29       640    0.9944    0.9958     0.996    0.9101   0.01598  0.006083  0.002499
   140/499     7.39G   0.01464  0.005689  0.000695   0.02102        26       640    0.9932    0.9957    0.9957    0.9142   0.01586  0.005923  0.002476
   141/499     7.39G   0.01477  0.005163  0.000497   0.02043        11       640    0.9924    0.9958    0.9941    0.9075   0.01554  0.006073  0.002565
   142/499     7.39G   0.01455   0.00543 0.0004774   0.02046        25       640    0.9931    0.9972    0.9958    0.9182   0.01526  0.006055  0.002428
   143/499     7.39G    0.0146  0.005484 0.0004794   0.02057        24       640    0.9962    0.9947    0.9953    0.9212   0.01511   0.00578  0.002356
   144/499     7.39G   0.01445  0.005596 0.0004765   0.02052        46       640    0.9975    0.9973    0.9959    0.9197   0.01484  0.005931   0.00214
   145/499     7.39G   0.01435  0.005163 0.0004138   0.01992        17       640    0.9984    0.9943    0.9957    0.9171   0.01476  0.006076  0.002436
   146/499     7.39G   0.01418  0.005259 0.0002863   0.01972        38       640    0.9951    0.9965    0.9959    0.9182   0.01516  0.006245   0.00245
   147/499     7.39G   0.01474  0.005367 0.0004414   0.02055        18       640    0.9945    0.9949    0.9959    0.9124   0.01563  0.006182  0.002682
   148/499     7.39G   0.01436  0.005492 0.0003432    0.0202        45       640    0.9959    0.9973    0.9955    0.9159   0.01514  0.006093   0.00257
   149/499     7.39G    0.0143  0.005354 0.0005599   0.02022        38       640    0.9966    0.9961    0.9961    0.9216   0.01501  0.005973  0.002547
   150/499     7.39G   0.01478  0.005338 0.0004006   0.02052        26       640    0.9956    0.9955    0.9957    0.9179   0.01521  0.005706  0.002607
   151/499     7.39G   0.01441  0.005251 0.0004015   0.02007        33       640    0.9972    0.9971    0.9961    0.9155    0.0146  0.005868  0.002492
   152/499     7.39G   0.01439   0.00532 0.0004467   0.02015        21       640    0.9975    0.9986    0.9963    0.9184   0.01494  0.005935  0.002589
   153/499     7.39G   0.01449  0.005224  0.000339   0.02005        20       640    0.9983    0.9986    0.9963    0.9225    0.0149  0.006144  0.002597
   154/499     7.39G   0.01423  0.005364 0.0004718   0.02006        38       640    0.9926    0.9969    0.9957    0.9201   0.01519  0.006054  0.002861
   155/499     7.39G   0.01444  0.005284 0.0004386   0.02016        19       640    0.9968    0.9999    0.9963    0.9203    0.0156  0.005808   0.00279
   156/499     7.39G   0.01407  0.005435 0.0004069   0.01991        31       640    0.9969    0.9975    0.9962    0.9214   0.01543  0.005679  0.002698
   157/499     7.39G   0.01366  0.005232 0.0003355   0.01923        46       640    0.9957    0.9969    0.9963    0.9215   0.01528  0.005954  0.002722
   158/499     7.39G   0.01414  0.005568  0.000331   0.02004        41       640    0.9955    0.9992    0.9961    0.9158   0.01551   0.00598  0.002623
   159/499     7.39G   0.01434  0.005436 0.0003367   0.02012        30       640    0.9927    0.9963    0.9946    0.9182   0.01491  0.005846   0.00286
   160/499     7.39G   0.01407  0.005481 0.0004389   0.01999        33       640    0.9946    0.9929     0.994    0.9165   0.01448  0.006065  0.002432
   161/499     7.39G   0.01438  0.005255  0.000416   0.02005        22       640    0.9889    0.9961     0.996    0.9191   0.01474  0.005985  0.002367
   162/499     7.39G   0.01418   0.00511 0.0003857   0.01968        27       640    0.9985    0.9973    0.9961    0.9255   0.01466  0.006217  0.002415
   163/499     7.39G   0.01391  0.005287 0.0004418   0.01963        23       640    0.9971    0.9967    0.9962    0.9227   0.01486   0.00607  0.002317
   164/499     7.39G   0.01374  0.005426  0.000358   0.01952        26       640    0.9966    0.9996    0.9964    0.9295   0.01454  0.005894  0.002365
   165/499     7.39G   0.01403  0.005228 0.0003213   0.01958        21       640    0.9981    0.9988    0.9964    0.9229   0.01474  0.006186  0.002391
   166/499     7.39G   0.01425  0.005391 0.0004414   0.02008        29       640     0.998     0.999    0.9964    0.9259   0.01482  0.006243  0.002477
   167/499     7.39G   0.01408  0.005242 0.0003511   0.01967        21       640    0.9985    0.9977    0.9964    0.9247   0.01512   0.00612   0.00281
   168/499     7.39G   0.01391  0.005139 0.0003179   0.01937        25       640    0.9975    0.9977    0.9962    0.9248   0.01451  0.005774  0.002842
   169/499     7.39G   0.01391  0.005275 0.0004095    0.0196        22       640    0.9963    0.9961    0.9962    0.9268   0.01504  0.005934  0.002911
   170/499     7.39G   0.01385  0.005328 0.0003789   0.01955        15       640    0.9972    0.9987    0.9964    0.9264   0.01502  0.005873  0.002409
   171/499     7.39G    0.0138  0.005049 0.0004544    0.0193        21       640    0.9994    0.9974    0.9965    0.9249   0.01486  0.006094   0.00242
   172/499     7.39G   0.01365   0.00495 0.0003004    0.0189        14       640    0.9975    0.9972    0.9966    0.9248   0.01514  0.006125  0.002702
   173/499     7.39G   0.01378   0.00499 0.0003531   0.01912        40       640    0.9954         1    0.9965    0.9247   0.01507  0.005794  0.003037
   174/499     7.39G    0.0136  0.005374 0.0003421   0.01932        30       640    0.9984    0.9988    0.9964    0.9308   0.01416  0.005954  0.002619
   175/499     7.39G   0.01376  0.005147 0.0004351   0.01934        32       640     0.995    0.9986    0.9964    0.9249   0.01425  0.006042   0.00239
   176/499     7.39G    0.0134  0.004939 0.0002586    0.0186        37       640    0.9961    0.9992    0.9965    0.9324   0.01489  0.005825  0.002762
   177/499     7.39G   0.01348  0.005148 0.0002589   0.01888        23       640    0.9971         1    0.9964    0.9308   0.01437   0.00588  0.002508
   178/499     7.39G   0.01397  0.005308 0.0003814   0.01966        21       640    0.9988     0.998    0.9964    0.9324   0.01431  0.006059  0.002453
   179/499     7.39G   0.01339  0.005063 0.0003279   0.01878        28       640    0.9972    0.9993    0.9965    0.9327   0.01443  0.005953  0.002438
   180/499     7.39G   0.01351  0.005224 0.0003375   0.01907        25       640    0.9972    0.9996    0.9965    0.9349   0.01458  0.005711  0.002581
   181/499     7.39G   0.01352  0.004905 0.0003169   0.01874        39       640    0.9948    0.9976    0.9965    0.9307   0.01471  0.005912  0.002745
   182/499     7.39G   0.01339  0.005318 0.0002758   0.01899        38       640    0.9944    0.9988    0.9962    0.9301   0.01489  0.006034  0.002396
   183/499     7.39G   0.01329  0.004954 0.0003605    0.0186        25       640    0.9983    0.9996    0.9962    0.9279   0.01416  0.005966   0.00231
   184/499     7.39G   0.01351   0.00507 0.0003332   0.01891        31       640     0.998    0.9992    0.9963      0.93   0.01391  0.005979  0.002161
   185/499     7.39G   0.01344  0.005021 0.0003802   0.01884        44       640    0.9975    0.9994    0.9962    0.9259   0.01437  0.006305  0.002385
   186/499     7.39G   0.01361  0.005169 0.0003675   0.01915        16       640     0.998    0.9992    0.9965    0.9302   0.01466  0.005854  0.002708
   187/499     7.39G   0.01309  0.005034 0.0002601   0.01839        29       640    0.9974    0.9992    0.9965     0.932   0.01386  0.005824  0.002386
   188/499     7.39G   0.01342  0.005144 0.0003749   0.01894        29       640    0.9987    0.9992    0.9964    0.9322   0.01369  0.006157  0.002366
   189/499     7.39G   0.01334  0.005037 0.0002986   0.01868        25       640    0.9972    0.9985    0.9964     0.934   0.01362  0.006246  0.002325
   190/499     7.39G   0.01299  0.005109 0.0003207   0.01842        19       640    0.9965    0.9979    0.9965    0.9393   0.01349  0.006079  0.002252
   191/499     7.39G   0.01291  0.004849 0.0003561   0.01811        24       640     0.999         1    0.9966    0.9392   0.01346  0.006248  0.002331
   192/499     7.39G   0.01312  0.005002 0.0003568   0.01847        51       640     0.999    0.9992    0.9966    0.9338   0.01372  0.006383  0.002421
   193/499     7.39G   0.01322  0.005004 0.0002354   0.01846        25       640    0.9983     0.998    0.9966    0.9373   0.01385  0.006041  0.002562
   194/499     7.39G   0.01322    0.0049 0.0002848    0.0184        28       640    0.9991         1    0.9966    0.9399   0.01389  0.005983  0.002578
   195/499     7.39G   0.01292  0.004978 0.0002996   0.01819        42       640    0.9987    0.9998    0.9966    0.9363   0.01401  0.006005   0.00264
   196/499     7.39G   0.01303  0.005073 0.0002331   0.01834        34       640     0.997         1    0.9966    0.9354   0.01436  0.005984  0.002772
   197/499     7.39G    0.0131  0.005035 0.0002826   0.01842        24       640    0.9954    0.9992    0.9965    0.9358   0.01424  0.005859  0.002759
   198/499     7.39G   0.01283  0.004856 0.0003319   0.01801        33       640     0.998    0.9998    0.9965    0.9397   0.01389  0.006004  0.002508
   199/499     7.39G     0.013  0.004973 0.0002209   0.01819        12       640    0.9996    0.9982    0.9965    0.9416   0.01384  0.005765  0.002543
   200/499     7.39G   0.01294  0.005032 0.0002746   0.01824        27       640    0.9976    0.9997    0.9966    0.9426   0.01376  0.005915  0.002508
   201/499     7.39G   0.01283  0.004968 0.0003043    0.0181        12       640    0.9968    0.9994    0.9966    0.9428   0.01369  0.006048  0.002493
   202/499     7.39G   0.01296  0.005031 0.0003516   0.01834        29       640    0.9989    0.9997    0.9966    0.9418   0.01382  0.005937   0.00244
   203/499     7.39G   0.01291  0.005052 0.0002936   0.01825        24       640    0.9994         1    0.9966    0.9445   0.01383  0.005907  0.002684
   204/499     7.39G   0.01269  0.005187 0.0003583   0.01823        33       640     0.999    0.9996    0.9966    0.9477   0.01371  0.005928  0.002598
   205/499     7.39G   0.01293  0.004761 0.0002822   0.01798        20       640    0.9969    0.9996    0.9965    0.9439   0.01397   0.00616  0.002728
   206/499     7.39G   0.01257  0.004709 0.0002674   0.01755        31       640    0.9973    0.9996    0.9962    0.9404    0.0139  0.006014   0.00276
   207/499     7.39G   0.01281  0.004918 0.0002218   0.01795        41       640    0.9993     0.998    0.9966    0.9453   0.01375  0.005768  0.002839
   208/499     7.39G   0.01273  0.005063 0.0002538   0.01804        32       640    0.9989    0.9989    0.9966    0.9457   0.01365  0.005857   0.00286
   209/499     7.39G   0.01281  0.004822 0.0002782   0.01791        35       640    0.9986    0.9996    0.9966    0.9456    0.0138  0.005976  0.002884
   210/499     7.39G   0.01252   0.00493 0.0002332   0.01768        30       640    0.9966    0.9992    0.9965    0.9414   0.01396   0.00576   0.00298
   211/499     7.39G   0.01251  0.004859 0.0002542   0.01762        19       640     0.999    0.9982    0.9964    0.9396   0.01375  0.005819  0.002753
   212/499     7.39G    0.0126  0.005153 0.0002311   0.01798        31       640    0.9988    0.9961    0.9966    0.9455   0.01342  0.005986  0.002693
   213/499     7.39G   0.01277  0.004867 0.0003993   0.01804        42       640    0.9993    0.9978    0.9966     0.945   0.01329  0.006094  0.002858
   214/499     7.39G   0.01274  0.004952 0.0002623   0.01795        18       640    0.9995    0.9982    0.9966    0.9428   0.01384  0.006085  0.002914
   215/499     7.39G   0.01277  0.004912 0.0002295   0.01791        19       640    0.9982    0.9996    0.9966     0.942   0.01332  0.006139  0.002707
   216/499     7.39G   0.01216  0.004742 0.0002284   0.01713        29       640    0.9992    0.9991    0.9964    0.9399   0.01352  0.006116  0.002636
   217/499     7.39G   0.01263  0.004729 0.0004423   0.01781        27       640    0.9991    0.9993    0.9964    0.9424   0.01333  0.006272  0.002627
   218/499     7.39G   0.01233  0.004908 0.0002891   0.01753        40       640    0.9988    0.9973    0.9966    0.9453   0.01327  0.006172  0.002608
   219/499     7.39G   0.01261  0.004777 0.0002549   0.01764        26       640     0.999         1    0.9967    0.9463   0.01326  0.006095   0.00251
   220/499     7.39G   0.01262  0.005022 0.0003848   0.01803        26       640    0.9986         1    0.9966    0.9451   0.01326  0.006241  0.002513
   221/499     7.39G   0.01236  0.005115 0.0003017   0.01778        24       640    0.9977    0.9993    0.9966    0.9439   0.01329   0.00629  0.002562
   222/499     7.39G   0.01254  0.005035 0.0003066   0.01789        20       640    0.9992    0.9996    0.9968    0.9456   0.01324  0.006435  0.002433
   223/499     7.39G   0.01227  0.004674 0.0003692   0.01732        33       640    0.9989    0.9973    0.9966    0.9445   0.01323  0.006194  0.002554
   224/499     7.39G   0.01235  0.004874 0.0003672   0.01759        26       640    0.9979    0.9997    0.9967    0.9461     0.013  0.006456  0.002568
   225/499     7.39G   0.01219  0.004685 0.0003141   0.01719        26       640    0.9991    0.9991    0.9967    0.9495   0.01283   0.00631  0.002442
   226/499     7.39G   0.01244  0.004866 0.0003832   0.01769        11       640    0.9986    0.9993    0.9967    0.9494   0.01297  0.006288  0.002431
   227/499     7.39G   0.01208  0.004811  0.000274   0.01717        42       640    0.9986    0.9996    0.9966    0.9486   0.01323  0.006147  0.002558
   228/499     7.39G     0.012  0.004626 0.0002705    0.0169        19       640    0.9985         1    0.9966    0.9471   0.01315  0.006079  0.002528
   229/499     7.39G   0.01214  0.004857 0.0003076    0.0173        29       640    0.9973    0.9996    0.9967    0.9514   0.01314  0.006106  0.002567
   230/499     7.39G   0.01222  0.004809 0.0003186   0.01734        30       640    0.9978    0.9996    0.9966     0.949   0.01288  0.006101  0.002448
   231/499     7.39G   0.01273  0.004884  0.000315   0.01793        34       640    0.9952    0.9996    0.9967    0.9494   0.01272  0.006162  0.002523
   232/499     7.39G   0.01206  0.004761 0.0003059   0.01712        34       640    0.9959    0.9991    0.9967     0.953   0.01333  0.006029  0.002953
   233/499     7.39G   0.01236  0.004936 0.0002956   0.01759        31       640    0.9971    0.9988    0.9966    0.9516   0.01287  0.005976  0.002772
   234/499     7.39G   0.01196  0.004901 0.0003393    0.0172        40       640    0.9972         1    0.9967    0.9557   0.01258  0.006166  0.002584
   235/499     7.39G   0.01225  0.004685 0.0002936   0.01723        31       640    0.9955    0.9961    0.9966    0.9521    0.0127  0.006339    0.0029
   236/499     7.39G    0.0119  0.004702 0.0003039   0.01691        19       640    0.9954    0.9984    0.9966    0.9518   0.01299  0.005986  0.002826
   237/499     7.39G   0.01176  0.004748  0.000226   0.01673        47       640    0.9982    0.9994    0.9964    0.9521   0.01279  0.005952  0.002649
   238/499     7.39G   0.01194  0.004741 0.0002702   0.01695        35       640    0.9974    0.9992    0.9962    0.9525   0.01245  0.006178  0.002711
   239/499     7.39G   0.01186  0.004678 0.0002243   0.01677        32       640    0.9987    0.9996    0.9966    0.9539   0.01237  0.006071  0.002789
   240/499     7.39G    0.0122  0.004911 0.0001892    0.0173        23       640    0.9983    0.9996    0.9967    0.9539   0.01255  0.006108  0.002729
   241/499     7.39G   0.01193  0.004536 0.0001765   0.01664        41       640    0.9981    0.9988    0.9968    0.9548   0.01254  0.006367  0.002627
   242/499     7.39G   0.01188  0.004623 0.0002858   0.01679        38       640     0.999    0.9991    0.9968    0.9543   0.01255  0.006464  0.002608
   243/499     7.39G   0.01219  0.004759 0.0002558    0.0172        43       640     0.999    0.9988    0.9968    0.9535   0.01234  0.006456  0.002468
   244/499     7.39G   0.01182  0.004978 0.0003342   0.01713        17       640    0.9985         1    0.9967    0.9536   0.01241  0.006347  0.002337
   245/499     7.39G   0.01151    0.0045 0.0002318   0.01624        19       640    0.9988    0.9991    0.9969    0.9547   0.01229  0.006285  0.002482
   246/499     7.39G   0.01147  0.004717 0.0001811   0.01636        23       640    0.9985    0.9988     0.997    0.9545   0.01211  0.006339  0.002442
   247/499     7.39G   0.01178  0.004585 0.0002989   0.01666        24       640    0.9979    0.9981    0.9969    0.9573   0.01201   0.00634  0.002381
   248/499     7.39G   0.01168  0.004586 0.0003013   0.01657        38       640    0.9986    0.9999    0.9969    0.9546   0.01208  0.006575  0.002364
   249/499     7.39G   0.01168  0.004474 0.0002476    0.0164        31       640    0.9986    0.9973    0.9968     0.957   0.01212  0.006597  0.002453
   250/499     7.39G   0.01142  0.004584  0.000239   0.01625        24       640    0.9968    0.9981    0.9965    0.9589   0.01182  0.006487  0.002503
   251/499     7.39G    0.0115  0.004652    0.0003   0.01645        20       640    0.9991    0.9995    0.9967    0.9585   0.01198  0.006498  0.002512
